V1 V2 V3 V4 V5 V6 V7 V8 V9 V10 V11 V12 V13 V14 V15 ENG SEX
0 0 NA 2 2 2 0 0 1 0 0 0 1 0 1 1 2
0 0 NA 0 2 2 0 2 2 2 0 2 2 0 2 1 1
1 0 NA 0 0 2 0 0 1 0 0 0 1 0 1 1 2
0 0 NA 0 2 0 0 0 0 0 0 0 0 0 2 1 1
0 0 NA 2 2 2 2 2 2 0 0 0 0 0 2 2 2
2 2 NA 0 0 0 2 2 2 2 0 0 0 0 2 1 2
2 0 NA 2 2 2 0 0 2 0 2 2 2 2 0 1 2
0 0 NA 0 2 0 0 2 0 0 0 2 0 0 0 1 1
0 0 NA 0 0 0 2 2 2 2 2 1 2 2 2 2 1
2 2 NA 0 0 0 2 0 1 2 1 0 0 2 2 1 1
0 0 NA 0 2 2 0 0 1 0 0 0 2 0 1 1 1
0 0 NA 2 2 2 0 2 2 0 0 2 2 0 0 1 2
0 0 NA 0 0 0 0 0 0 2 0 0 0 2 2 1 1
0 1 NA 0 0 0 0 0 0 1 0 0 0 1 1 2 1
0 0 NA 2 2 2 0 1 1 0 2 2 2 2 0 2 2
0 0 NA 2 2 2 0 0 2 0 0 0 0 0 2 1 2
0 0 NA 0 0 0 0 2 2 2 0 2 0 2 2 1 2
0 0 NA 0 2 0 2 2 2 2 0 1 0 2 2 1 1
0 0 NA 0 2 2 0 1 1 0 0 2 2 0 0 1 2
2 2 NA 2 2 0 2 2 1 2 0 0 0 0 2 2 2
0 0 NA 2 2 2 0 2 0 0 0 2 0 0 0 1 2
2 0 NA 2 2 2 0 0 0 0 2 1 2 1 0 1 2
2 2 NA 0 0 0 2 0 0 2 2 0 0 2 1 1 1
0 0 NA 0 0 0 2 2 2 2 0 0 0 0 2 1 2
0 0 NA 0 2 2 0 2 0 0 0 0 0 0 2 1 2
0 0 NA 0 2 2 0 1 1 0 2 2 2 2 0 2 2
0 0 NA 0 0 0 0 0 0 2 0 0 0 2 0 1 2
2 2 NA 0 0 0 2 2 1 2 0 0 0 2 2 2 2
2 2 NA 2 2 2 0 0 0 0 2 0 2 0 0 2 1
0 0 NA 0 0 0 0 0 0 2 0 2 1 2 0 1 2
0 1 NA 0 2 0 0 2 0 0 0 2 0 0 2 1 2
0 0 NA 2 2 2 0 0 0 0 0 0 0 0 0 2 2
0 0 NA 0 0 0 0 0 0 2 0 0 0 2 2 1 2
0 0 NA 0 0 2 2 2 2 2 0 1 2 2 2 1 2
2 2 NA 0 0 0 0 0 0 2 0 0 0 2 0 2 2
2 1 NA 2 2 2 1 0 2 0 1 0 1 0 2 2 2
0 0 NA 0 0 1 0 0 2 2 0 0 2 2 2 1 1
2 0 NA 0 0 0 0 0 0 0 0 0 0 0 2 2 1
0 1 NA 0 2 0 0 2 1 2 2 2 0 2 1 1 2
0 1 NA 0 0 0 1 1 1 2 0 1 1 2 2 2 2
0 0 NA 0 0 1 0 0 1 2 2 0 2 2 0 1 1
1 0 NA 2 1 0 2 2 0 2 0 0 0 1 2 1 2
2 2 NA 0 0 0 0 0 0 2 0 0 0 2 2 1 1
2 0 NA 2 0 2 0 0 2 0 2 0 2 2 0 1 1
0 0 NA 0 0 0 0 0 0 0 0 0 1 2 0 1 2
0 1 NA 2 2 2 0 2 2 0 0 2 0 0 2 2 2
0 0 NA 2 2 2 0 0 2 0 2 2 2 0 0 2 2
2 0 NA 2 2 2 0 0 2 0 2 2 2 0 0 1 2
1 0 NA 0 0 0 2 1 2 2 0 0 0 2 2 1 1
1 0 NA 0 0 1 2 1 2 2 0 0 2 2 2 1 2
0 0 NA 0 2 2 1 2 2 2 0 2 2 2 2 1 2
0 0 NA 2 0 2 0 0 1 0 0 0 2 0 0 2 2
0 0 NA 2 0 2 0 0 2 0 0 0 1 0 0 2 1
2 0 NA 0 0 0 0 0 2 2 2 0 2 2 0 2 1
0 0 NA 2 2 2 0 0 2 0 0 0 0 0 2 2 2
2 2 NA 2 2 2 2 2 2 0 0 0 0 0 2 2 2
0 1 NA 2 2 1 1 2 1 1 0 1 0 0 2 1 1
2 0 NA 2 0 2 0 2 2 2 2 0 2 2 2 1 1
2 2 NA 0 2 0 2 2 2 2 0 2 2 2 2 1 1
2 0 NA 2 0 2 0 0 1 0 0 0 1 0 1 1 1
2 0 NA 0 0 0 0 0 2 2 0 0 2 2 2 1 1
2 2 NA 2 2 2 2 2 1 0 0 0 0 0 2 2 2
2 2 NA 2 0 0 2 2 1 2 1 0 0 1 2 1 2
0 0 NA 2 2 0 0 2 2 2 0 0 0 0 2 2 1
2 2 NA 0 0 0 2 0 0 2 0 0 0 0 2 1 1
0 0 NA 2 2 2 0 0 2 0 0 0 0 0 2 2 1
0 0 NA 0 0 2 0 0 0 0 0 2 2 2 0 2 1
0 0 NA 0 0 0 0 0 0 2 0 0 0 2 0 1 1
0 0 NA 0 2 0 0 2 0 1 0 2 0 2 2 1 2
0 0 NA 0 2 2 0 0 0 0 0 2 2 0 0 2 1
1 1 NA 1 1 1 1 1 1 1 1 1 1 1 1 2 1
2 0 NA 0 0 2 0 0 2 0 2 0 2 2 0 1 1
0 2 NA 0 2 0 0 2 0 2 0 2 1 2 1 1 1
2 2 NA 0 0 0 0 2 0 2 0 0 0 2 2 1 1
0 0 NA 0 2 2 0 2 0 0 0 0 0 0 2 1 1
0 2 NA 0 2 0 0 2 0 2 0 1 0 0 2 1 1
0 0 NA 0 0 2 0 2 2 0 0 2 2 0 2 1 1
0 0 NA 2 2 2 0 0 0 0 0 0 0 0 0 2 1
0 2 NA 0 0 0 0 2 0 0 0 0 0 0 2 1 1
0 0 NA 1 2 2 0 0 1 0 1 2 2 1 0 1 1
0 0 NA 0 0 0 0 0 2 2 0 0 0 1 2 2 1
2 1 NA 1 1 2 0 0 0 0 0 0 0 0 0 2 1
2 0 NA 2 2 2 0 0 1 0 2 2 2 0 0 1 1
0 0 NA 0 0 2 2 0 2 0 0 2 2 0 0 1 1
0 0 NA 2 2 2 0 2 2 0 0 2 2 0 0 1 2
0 0 NA 2 2 2 0 2 0 0 0 0 0 0 2 1 1
0 0 NA 0 0 1 0 2 2 2 0 1 1 0 2 1 1
0 0 NA 0 0 2 0 2 1 2 0 0 1 2 2 1 1
0 1 NA 0 2 0 0 2 0 2 1 2 1 2 1 2 2
2 0 NA 1 0 2 0 0 1 0 0 0 1 0 0 1 2
2 0 NA 0 0 1 0 0 1 1 0 0 1 1 1 1 2
0 1 2 0 2 0 0 2 0 0 0 2 0 0 0 1 1
0 0 2 0 0 0 0 2 2 2 0 1 0 1 2 2 2
0 0 0 0 0 2 2 2 2 2 0 2 2 2 2 1 2
0 0 2 1 2 1 0 2 1 1 0 2 2 1 2 1 1
0 0 0 0 2 2 0 0 0 0 0 0 0 0 0 1 2
0 0 2 0 0 0 2 2 2 2 0 1 2 2 2 1 1
0 1 2 0 1 0 0 1 0 1 0 1 0 2 0 1 1
2 0 0 0 0 2 0 0 0 0 0 0 2 0 0 1 1
2 0 0 0 0 2 0 0 2 0 0 0 2 0 2 1 1
0 0 2 0 0 0 0 2 2 2 0 0 0 0 2 1 1
0 0 0 0 0 0 0 0 2 2 0 0 0 2 2 1 1
0 0 2 0 2 0 2 2 2 0 0 0 0 0 2 1 2
0 0 1 0 2 2 0 1 1 0 0 2 1 0 0 2 1
0 2 2 0 2 2 0 2 0 0 0 0 0 0 2 2 1
2 2 0 2 0 0 2 2 2 2 0 0 0 0 2 2 1
1 0 0 1 1 2 0 0 2 0 0 0 0 0 2 1 2
0 1 2 0 0 0 0 0 0 2 0 0 0 2 2 1 2
0 2 2 2 2 0 2 2 0 0 0 0 0 0 2 1 1
1 1 2 0 0 0 0 0 0 2 0 0 0 1 0 1 2
0 2 2 1 2 1 0 2 0 0 0 1 0 0 2 1 1
0 0 2 0 2 2 0 2 0 0 0 2 2 2 0 2 1
0 2 0 0 0 0 0 0 0 2 0 0 2 2 2 2 1
0 0 2 0 2 0 2 2 2 2 0 2 0 0 1 2 2
2 0 0 0 0 2 0 0 0 0 0 0 0 0 2 2 1
2 2 0 2 0 0 2 0 2 2 0 0 0 0 2 2 1
0 0 1 1 1 1 0 1 1 1 0 1 1 1 2 2 1
1 0 0 2 2 2 0 2 2 0 0 0 2 0 2 2 2
2 2 0 2 0 0 2 2 0 0 0 0 0 0 2 1 1
0 0 0 0 0 2 0 0 2 2 0 0 2 2 2 1 1
0 0 2 0 2 2 0 2 0 0 0 0 0 0 2 1 1
0 2 0 1 0 2 0 0 2 0 2 2 2 2 0 1 1
0 0 0 0 0 2 0 0 0 0 0 0 2 0 0 1 1
0 0 1 1 2 2 0 1 1 0 0 1 2 0 0 1 2
0 0 0 0 2 2 0 1 1 0 0 2 2 0 0 1 2
1 0 0 0 0 2 0 0 2 0 0 1 2 1 0 1 1
0 0 0 0 2 2 0 1 0 0 0 2 2 2 0 1 1
2 2 1 0 0 0 0 0 0 2 0 0 0 0 2 1 1
1 0 0 1 0 2 0 0 1 0 1 1 2 1 0 2 2
2 0 0 0 0 2 0 0 2 2 2 2 0 2 0 1 2
2 0 0 0 0 2 0 0 2 0 0 0 0 0 2 1 2
2 1 1 2 2 2 1 0 1 0 2 0 1 0 1 1 2
2 0 0 2 0 0 1 1 1 2 0 0 0 1 2 1 2
0 2 2 0 2 0 0 2 0 2 0 2 0 2 2 2 1
0 0 2 0 0 0 0 0 0 1 0 0 0 1 1 1 2
0 0 1 0 0 0 0 0 0 2 0 0 0 1 2 1 1
1 0 0 0 0 0 0 0 0 2 0 0 1 2 0 1 2
0 0 0 0 2 2 0 0 0 0 0 0 2 2 0 2 2
0 0 0 2 2 2 0 0 1 0 0 0 1 0 1 2 2
0 0 0 0 0 0 0 0 2 2 0 0 0 1 2 1 1
0 0 2 0 2 0 0 1 0 0 0 1 0 0 2 1 1
0 0 2 1 2 2 2 2 2 2 0 0 0 0 2 1 2
2 2 2 0 0 0 2 2 2 2 0 0 0 1 2 1 1
0 0 0 0 0 2 0 1 1 1 1 1 1 1 1 1 2
0 1 1 0 0 0 0 1 1 1 0 0 0 0 2 1 1
1 2 2 1 1 1 2 2 1 1 1 0 0 0 2 1 2
0 0 2 0 0 0 2 2 2 2 0 0 0 1 2 1 1
0 0 2 0 0 0 0 0 0 0 0 0 0 2 0 1 1
2 0 0 0 0 0 0 0 2 2 0 0 0 1 2 1 2
2 0 0 0 0 2 0 0 2 0 0 0 0 0 2 1 1
0 0 2 2 2 2 1 2 2 0 0 1 0 0 2 1 2
0 0 1 2 2 2 2 2 2 2 2 2 2 2 2 2 2
0 0 1 2 2 2 1 2 2 2 1 2 2 1 2 2 2
0 2 0 0 0 0 0 0 0 2 0 0 0 1 0 2 2
0 0 1 0 2 2 0 1 1 0 0 1 2 0 2 2 2
0 0 1 0 1 1 0 2 2 2 0 1 1 1 2 2 2
0 1 2 2 2 2 0 2 2 0 2 1 2 0 0 2 2
1 1 1 2 0 0 1 1 1 1 0 0 0 0 2 1 1
0 1 1 0 0 0 1 1 1 2 1 1 1 2 1 2 2
0 0 0 0 0 0 0 2 2 2 0 0 0 0 2 1 2
0 0 0 0 2 2 0 0 0 0 0 0 2 0 0 1 2
1 0 0 1 1 2 0 0 1 0 0 0 1 0 1 1 1
0 2 0 0 0 0 2 0 2 0 0 0 2 2 2 2 2
0 0 2 0 0 0 0 2 0 2 0 0 0 2 2 1 2
0 0 0 0 0 0 0 0 2 2 0 0 0 2 2 2 2
2 2 0 0 0 0 2 2 0 2 2 2 2 2 0 1 2
0 0 0 0 0 0 1 2 2 2 0 0 0 0 2 1 2
0 0 0 0 2 2 0 0 1 0 0 2 2 2 1 2 2
2 0 0 2 2 2 0 0 1 0 0 0 0 0 1 2 1
2 0 0 1 0 1 0 0 1 1 0 0 1 1 1 1 2
0 0 2 2 2 2 0 2 2 0 0 2 0 0 2 1 2
0 0 2 0 0 0 0 0 0 2 0 0 0 2 2 1 2
0 2 2 0 2 0 0 1 0 0 0 1 0 0 1 1 2
2 2 2 1 0 0 2 2 0 2 1 0 0 1 2 1 2
0 0 1 0 2 2 0 2 2 2 0 2 2 1 2 1 2
0 0 1 0 0 1 0 1 2 2 0 0 1 2 2 1 2
0 0 1 2 2 2 0 1 1 0 2 2 2 0 0 1 2
2 0 0 0 2 2 0 0 2 0 0 0 1 0 2 1 2
0 0 1 2 2 2 0 0 1 0 0 0 1 0 1 1 2
0 0 1 2 2 2 0 2 2 0 0 2 2 0 2 1 2
0 0 0 0 0 2 0 0 0 0 0 0 2 2 0 2 1
2 2 0 0 0 0 0 0 0 0 0 0 0 2 0 2 1
2 0 0 0 0 1 2 2 2 2 1 0 1 1 2 1 1
2 0 0 1 0 2 0 0 2 0 0 0 0 0 2 1 2
0 0 0 0 0 1 0 0 1 1 0 0 1 1 1 1 1
0 0 2 0 0 0 0 2 2 2 0 0 0 0 2 1 1
0 0 0 0 2 2 0 0 2 0 0 0 1 0 1 2 1
0 0 1 0 2 2 0 2 2 2 0 2 2 0 2 1 2
0 0 0 0 0 2 0 0 0 2 0 0 0 0 2 2 1
0 0 1 0 2 2 2 2 2 2 0 1 1 0 2 1 1
0 0 0 0 2 2 0 0 0 0 0 0 0 0 1 1 2
0 0 0 0 2 2 0 2 2 2 0 0 2 0 2 1 1
0 0 1 0 1 1 0 1 1 1 0 1 2 2 0 2 2
2 2 2 0 0 0 2 2 2 2 0 0 0 2 2 1 1
0 0 2 0 0 0 0 0 0 2 0 0 0 1 2 2 1
2 1 2 0 0 0 1 1 1 2 0 0 0 2 1 1 1
2 0 0 0 0 2 0 0 2 0 0 0 2 2 0 1 2
0 0 2 2 2 0 0 0 0 1 0 0 2 1 0 2 1
0 0 1 0 1 1 0 1 1 1 0 1 1 1 1 1 2
1 0 0 1 0 2 0 0 0 0 0 0 1 0 1 1 2
2 0 0 2 2 2 0 0 1 0 2 0 2 0 0 1 1
0 0 2 0 0 0 0 2 2 2 2 2 2 2 0 2 2
2 0 0 2 2 2 2 0 2 0 0 0 2 0 2 1 1
0 0 0 2 2 2 2 2 2 0 0 0 1 0 2 1 1
0 0 1 0 1 1 0 1 1 2 0 2 2 2 0 2 2
2 2 0 0 0 0 0 0 2 2 0 0 0 0 2 1 1
1 0 0 0 0 2 0 0 0 0 0 0 2 0 0 2 2
2 0 0 0 0 0 0 0 2 2 0 0 0 1 2 1 2
2 2 0 2 0 0 2 0 0 0 1 0 0 0 2 1 2
0 0 0 2 2 2 0 0 2 0 0 0 2 0 0 1 2
1 1 1 0 0 0 1 1 1 2 0 0 0 1 2 1 1
1 0 0 0 0 0 2 1 2 2 1 0 0 2 2 1 1
0 0 1 0 1 0 0 1 1 0 0 1 0 1 2 1 1
0 2 2 0 2 0 2 2 2 2 0 0 0 0 2 1 1
0 0 0 2 2 2 0 0 1 0 0 0 2 0 0 1 2
1 1 1 1 1 1 1 1 1 1 1 1 1 1 1 1 2
2 0 0 0 0 2 0 0 2 2 0 0 2 2 0 1 2
2 0 0 0 0 0 2 0 2 2 0 0 0 1 2 2 2
0 0 0 0 0 0 0 0 0 0 0 0 0 0 2 2 1
0 0 0 0 0 0 0 0 2 2 0 0 0 2 2 2 2
0 0 0 0 0 0 0 0 2 2 0 0 0 0 2 1 2
0 2 2 0 2 0 0 2 0 0 0 0 0 0 2 1 1
1 0 0 0 0 0 0 0 0 1 0 0 0 1 1 1 2
2 0 0 0 0 1 2 0 2 2 0 0 1 1 2 1 2
0 0 0 0 2 2 0 0 2 0 0 0 2 0 0 1 2
0 0 0 0 0 1 0 0 1 1 0 0 1 1 1 2 2
0 0 2 0 1 1 0 2 2 2 1 2 2 2 1 1 2
0 0 0 0 0 0 0 0 2 2 0 0 0 0 2 1 2
2 0 0 0 0 0 0 0 0 0 0 0 0 0 2 1 1
0 2 2 1 1 0 0 1 0 1 0 0 0 1 1 1 1
0 0 0 0 0 0 0 0 2 0 0 0 0 0 2 1 1
2 0 0 0 0 0 2 0 2 2 0 0 2 2 2 1 2
0 0 0 0 2 2 0 0 0 0 0 0 0 0 0 1 1
0 0 0 0 2 2 0 0 2 0 0 0 1 0 1 1 1
1 1 0 0 0 0 2 1 1 2 0 0 0 2 2 1 2
2 0 0 0 0 0 0 0 0 2 0 0 2 2 0 1 1
2 2 0 0 0 0 2 0 0 2 0 0 2 2 2 1 1
0 0 0 0 0 0 0 0 0 2 0 0 0 0 0 1 1
0 0 0 0 2 2 0 0 2 0 0 2 2 0 0 2 1
0 0 0 0 0 0 0 0 0 2 0 0 0 2 2 1 1
0 0 0 0 0 0 0 0 0 2 0 0 0 0 2 1 2
0 0 0 0 0 1 0 0 1 1 0 0 2 1 1 1 1
0 0 0 0 0 2 0 0 0 0 0 0 0 0 2 1 1
2 0 0 0 0 0 0 0 2 2 0 0 1 2 2 1 1
0 0 0 0 0 0 0 0 2 1 0 0 2 2 0 1 1
0 0 2 2 2 2 0 0 2 0 0 0 0 0 2 2 1
2 2 1 0 0 0 2 2 2 2 0 0 0 2 2 1 2
0 0 0 0 0 2 0 0 1 0 0 0 1 0 1 1 2
2 0 0 2 0 2 0 0 1 0 0 0 1 0 1 1 2
1 0 0 0 0 2 0 0 1 0 0 0 2 1 0 1 1
0 2 2 0 2 0 0 0 0 0 0 0 0 0 2 1 1
0 0 0 0 0 0 0 1 2 2 0 0 0 1 2 1 2
0 0 0 0 0 1 0 0 0 0 0 0 0 0 1 1 1
2 0 0 0 0 2 2 2 2 2 0 0 2 2 2 1 1
0 0 2 0 2 2 0 2 2 2 0 2 2 2 0 1 1
0 0 0 2 2 2 2 2 2 0 0 0 0 0 2 1 1
2 0 0 0 0 2 2 2 2 2 0 0 0 0 2 1 1
2 0 0 2 2 2 0 0 2 0 2 2 2 2 0 1 2
0 0 2 0 2 2 0 0 0 0 0 2 2 0 0 2 2
0 2 2 2 0 0 0 0 0 0 0 0 0 0 2 1 1
0 2 2 0 0 0 0 2 0 2 0 0 0 2 2 1 2
1 0 0 1 1 2 0 0 1 0 0 0 1 0 1 1 2
2 0 0 0 0 2 0 0 2 2 0 0 0 0 2 1 2
2 0 0 0 0 2 0 0 2 0 0 0 0 0 2 1 1
2 2 0 0 0 0 0 0 0 0 0 0 0 0 2 2 1
0 0 2 0 2 2 0 2 2 0 0 2 2 2 0 1 2
2 0 0 0 0 0 2 2 2 2 2 0 0 2 2 1 1
2 2 2 0 0 0 2 2 2 2 0 0 0 0 2 1 1
0 0 2 2 2 2 0 2 2 0 0 2 2 0 0 1 2
2 0 0 0 0 2 0 0 0 0 0 0 2 0 0 1 2
2 0 0 0 0 1 0 0 2 2 0 0 1 1 2 1 2
1 1 0 2 2 2 1 0 1 0 2 2 2 1 0 1 2
2 2 2 2 2 0 2 0 0 0 2 0 0 1 0 1 1
2 0 0 0 0 0 0 0 0 0 2 0 2 2 0 1 1
0 0 0 2 2 2 2 2 2 2 0 2 2 0 2 1 2
2 2 0 2 0 2 0 0 0 0 0 0 0 0 2 2 2
0 0 2 0 0 0 0 0 0 0 0 2 0 2 0 2 2
2 0 0 0 2 2 2 2 2 2 2 2 2 0 2 1 2
0 0 1 2 2 2 0 2 2 0 0 0 0 0 2 2 2
0 0 1 2 2 2 2 2 2 0 2 2 2 0 2 1 2
0 0 2 0 0 0 2 2 2 2 0 2 0 2 2 2 1
0 0 0 2 2 2 0 2 2 0 0 2 2 0 0 1 1
0 0 1 0 2 2 0 1 1 0 0 2 2 0 0 1 2
0 0 0 0 0 0 0 0 0 2 0 0 0 2 0 1 2
2 0 0 0 0 0 0 0 1 2 0 0 0 2 2 1 2
0 0 2 2 2 2 2 2 2 0 2 2 2 0 2 1 2
2 0 0 0 0 0 2 0 2 2 0 0 0 0 2 1 1
2 2 2 0 0 0 2 2 0 2 0 0 0 0 2 1 2
1 1 1 2 1 1 1 1 1 1 0 0 0 0 2 2 1
0 2 2 0 2 0 0 2 0 0 2 2 0 2 0 1 1
0 0 2 0 2 2 0 2 2 0 0 2 2 0 0 2 2
2 0 0 0 0 0 1 0 0 2 0 0 0 2 2 1 1
0 0 0 0 2 2 0 2 2 0 0 2 2 0 2 1 1
0 0 0 2 2 2 0 2 2 2 0 2 2 1 2 1 2
2 0 0 0 0 2 2 0 2 2 0 0 1 0 2 1 1
2 2 2 0 0 0 0 2 0 2 0 0 0 2 2 1 1
0 0 0 0 0 2 0 0 0 0 0 0 0 0 0 1 1
2 2 2 0 0 0 2 2 0 2 0 0 0 2 2 1 1
0 1 1 0 2 0 1 1 1 2 1 2 1 2 1 1 1
2 2 0 0 0 0 2 0 2 2 0 0 0 1 2 1 1
0 0 0 0 0 2 0 0 0 0 0 0 0 0 2 1 1
0 0 0 0 0 0 2 2 2 2 0 0 0 2 2 1 2
1 2 2 1 1 1 2 2 1 2 1 0 0 0 2 2 1
